1 741.652636
2 1928.957909
3 3512.031606
4 5095.105303
5 6361.564261
6 7205.870233
7 7688.330788
8 7929.561066
9 8036.774523
10 8079.659905
11 8095.254590
12 8100.452818
13 8102.052273
14 8102.509260
15 8102.631123
16 8102.661589
17 8102.668757
18 8102.670350
19 8102.670686
20 8102.670753
21 8102.670599
22 8102.668512
23 8102.669797
24 8102.664465
25 8102.688219
26 8102.262361
27 8101.774807
28 8099.982916
29 8093.920355
30 8074.397601
31 8211.306126
32 7758.478697
33 10979.160935
34 19871.033617
35 47252.628383
36 125093.780373
37 2680864.624099
38 5022428.649767
39 24490141.692020
40 -2516543343.828212
